73212
224742
27407
11461
110532
56436
654824
11792
234023
65105
11951
214489
12176
66882
12261
12301
108673
12447
12631
67006
12785
52245
76737
66422
26901
68184
245474
381101
13446
19708
13627
13654
53356
13681
276770
13732
50912
66583
50912
227715
66153
56095
27041
14450
73046
100038464
230737
30877
66614
14751
14958
232440
219072
15361
15312
15384
66245
15510
67834
74158
104263
16549
66356
27756
66094
353258
17089
17216
68279
100019
67493
217664
252875
268395
67873
56282
99045
69902
67154
108156
53375
17988
52530
18102
217431
74035
70769
110109
67134
55989
14815
50773
52653
71805
18245
107260
18813
18458
110821
237823
56612
56421
18643
66171
12034
18673
12034
320951
66249
18972
67724
67895
235036
231327
243382
18477
106042
214572
28000
19167
70247
66413
17463
56351
19265
19355
19385
245688
76938
170791
67830
56470
100861531
67664
77945
67248
106298
67223
72462
225215
20163
20250
20768
27414
56086
81898
107701
317750
110172
30791
106957
20641
67332
66384
20901
114741
380608
21856
66282
68512
66926
22059
104662
56338
22171
227620
22247
22224
74112
234729
269470
107071
70465
14375
69101
229937
53861
